0 32000 25272 24197 32000 8815 32000 27475
32000 0 9964 5929 1467 16060 32000 28704
25272 9964 0 32000 32000 32000 7250 21859
24197 5929 32000 0 32000 16848 18947 32000
32000 1467 32000 32000 0 7304 11008 32000
8815 16060 32000 16848 7304 0 25503 32000
32000 32000 7250 18947 11008 25503 0 32000
27475 28704 21859 32000 32000 32000 32000 0
