8
965 0 20203 3591 8228 6039 26493 10930 14360
12451 20203 0 27183 6551 13874 15462 29819 25484
14160 3591 27183 0 25818 11972 6134 6004 20165
19801 8228 6551 25818 0 21106 9301 28221 11131
12168 6039 13874 11972 21106 0 19262 27492 6287
26272 26493 15462 6134 9301 19262 0 17905 1426
3719 10930 29819 6004 28221 27492 17905 0 29501
15857 14360 25484 20165 11131 6287 1426 29501 0